0.60206 -0.872689
0.69897 -0.807845
0.778151 -0.751969
0.845098 -0.720876
0.90309 -0.680755
0.954243 -0.653505
1 -0.635723
1.04139 -0.617765
1.07918 -0.577698
1.11394 -0.583058
1.17609 -0.544342
1.20412 -0.539383
1.23045 -0.530382
1.27875 -0.50126
1.32222 -0.453481
1.36173 -0.45714
1.39794 -0.411594
1.43136 -0.399755
1.4624 -0.384488
1.50515 -0.360051
1.54407 -0.315166
1.57978 -0.304401
1.61278 -0.277022
1.65321 -0.261252
1.6902 -0.267275
1.73239 -0.236907
1.77085 -0.195167
1.80618 -0.195388
1.8451 -0.196554
1.88081 -0.173149
1.91908 -0.173587
1.95904 -0.143358
1.99564 -0.0904184
2.03342 -0.074174
2.06819 -0.083178
2.10721 -0.0665915
2.14613 -0.111513
2.18184 -0.113814
2.22011 -0.0056344
2.25768 -0.0275343
2.29447 -0.00531828
2.33244 0.00026553
2.37107 -0.0280387
