0.410514595
0.17673409
0.482865814
-0.117802859
0.318421724
-0.349256353
-0.190301641
0.30432212
-0.008988636
-0.100305525
-0.074830352
0.369187003
-0.292398798
-0.208517447
0.186149713
-0.109065896
0.482900907
0.347257745
-0.088228445
-0.354450519
-0.139653973
-0.154123943
-0.245284008
-0.085802268
0.155829136
-0.037486203
0.250961902
-0.454115437
0.410999697
0.043021459
-0.410569995
0.256441154
-0.093439399
-0.050245506
0.120507784
-0.320987572
-0.195432629
-0.48656603
-0.024605686
0.097716384
0.184231571
0.148253364
0.287304222
-0.304212346
-0.258559784
0.409440579
-0.225928967
-0.388399186
-0.195049959
0.355987679
-0.125039054
-0.49274109
-0.278850777
0.344359159
0.131373206
0.155694347
0.417525512
0.412120768
0.049276399
0.390632948
0.316153658
0.197256193
-0.382708171
-0.252178257
0.077465418
0.445425499
0.024748425
0.018753097
-0.20118629
-0.497184066
0.269118824
-0.376898249
-0.485334599
0.229214356
-0.089543907
-0.124575995
-0.246123535
0.437865228
-0.313055755
0.329599038
0.172530935
0.2440944
0.334188332
0.412498241
-0.377741843
0.140514989
-0.249748505
-0.082701843
0.044878507
-0.011219909
0.191647037
-0.463582039
-0.357448886
-0.20828382
-0.224613606
-0.284107744
-0.125330668
-0.366730575
-0.164260391
0.43286481
0.168511026
0.040359217
-0.091355565
0.182780124
0.456373993
-0.403181155
0.164974177
-0.010401457
0.369083803
0.416186069
-0.260212702
0.169040889
0.445970227
-0.011224279
0.281864289
0.481286304
-0.083121004
-0.091673113
-0.498164902
-0.382574666
-0.083575093
-0.157515404
-0.1978987
-0.146833103
0.266298331
0.192025852
-0.245771885
-0.303605132
-0.228061991
0.05866138
-0.39086992
-0.424383688
-0.133265627
0.435273611
-0.294794701
0.334261954
0.348742579
0.463186454
-0.050836451
0.19159071
0.271644065
0.203098421
-0.140831509
-0.427666067
0.371044287
-0.356808965
0.066841857
-0.126032915
0.045459716
0.189493988
-0.085361246
-0.008813388
0.409645197
0.266471998
-0.42387087
-0.264465972
0.414037527
-0.401837173
-0.353788491
0.310686267
-0.102713256
0.484802265
0.388093859
-0.191245873
0.297393397
0.343949244
-0.366952915
-0.248156181
0.157747249
0.449273736
-0.135619159
0.137838804
-0.342169838
0.420665287
0.027749862
0.34612
-0.182495542
0.035856396
-0.083201418
-0.437665295
0.12431499
0.182659254
-0.120560613
0.22307695
-0.127084003
-0.004105082
0.276167678
-0.412773413
0.264759182
0.390776743
0.265494483
-0.096758293
0.334444812
0.476700252
-0.430966251
0.271001299
0.052278153
-0.420623919
0.396696507
0.36547904
-0.173329952
-0.253784262
0.46705532
0.09565115
-0.24688189
-0.239113323
-0.440557288
0.28804437
0.262893453
0.333717303
0.309657183
0.423519717
-0.034707572
-0.390634859
-0.478253986
0.182484875
0.109989146
-0.128103377
-0.172520273
0.485600731
0.073098813
0.367909474
-0.358142469
-0.484818181
-0.118622356
0.408035687
-0.285117474
-0.022586685
-0.148688985
-0.24305832
-0.409809872
0.376265634
0.070396329
-0.200654255
0.016710179
-0.302669664
0.399396118
0.321044262
0.169335314
0.440012156
0.463246508
0.313128427
-0.386877169
0.142411582
0.397834671
0.316998823
-0.033827576
-0.156871559
0.085503942
0.445950745
0.404072774
0.242140809
0.122383881
0.184297361
0.327690946
-0.360113422
-0.207667494
-0.098359869
-0.364572157
-0.341093877
0.349724211
-0.058287132
-0.482643637
0.232090937
0.312694313
-0.439476298
0.360863153
0.334893396
-0.168658027
0.202501367
-0.354314018
-0.428904957
0.382850873
0.325920191
0.16712887
0.421646004
0.2259447
0.485650683
0.15640604
0.221251451
-0.233064114
-0.030352347
0.062357677
0.073637547
-0.129628646
-0.387144135
-0.304906503
-0.480561855
0.124312449
0.24612166
-0.356246616
0.352226855
-0.496444631
-0.4577746
-0.120487602
0.063703826
0.138544607
-0.366514947
-0.258708451
0.380356768
-0.11127934
0.123010584
-0.396043357
-0.393690851
-0.387117862
-0.172004354
-0.386753376
0.050131274
0.286551837
0.287952151
0.423882294
0.39856399
0.158551848
-0.259923371
0.486013817
-0.179967248
-0.452886739
0.448371576
-0.487422022
-0.386879218
0.422195901
0.494690676
0.027874678
0.236525233
0.04886304
-0.054445752
-0.167928403
0.184039018
-0.417018528
-0.087439313
-0.295822686
0.404935656
-0.398911997
-0.317153424
0.112448336
-0.069480233
0.215230486
-0.155702574
-0.010402554
-0.089290854
0.463453998
0.383399191
0.206351426
-0.125370703
-0.379361683
-0.071505023
0.349147687
-0.042674342
0.482169762
0.352375993
-0.349232304
-0.478992374
0.017940815
0.08969676
0.323592909
0.241421934
0.236508792
0.016553141
-0.279362351
-0.419723015
0.312015035
-0.445360142
0.482976317
-0.091907142
0.243170561
-0.283184595
0.251506851
-0.340630778
-0.124092474
0.215847438
-0.299270936
-0.465761845
0.305036153
0.054921291
-0.348676636
0.268303348
-0.20964351
-0.227613215
-0.146280681
-0.233695323
-0.458598181
0.37171657
-0.446988998
0.173043847
0.461317085
-0.229948985
0.224675587
0.472972594
-0.187875169
-0.207654451
0.189143613
0.191130251
-0.13919262
0.193187234
-0.207368927
-0.029345951
-0.407512701
0.079987175
-0.035694315
0.017207353
-0.45330491
-0.191490056
-0.401179991
-0.291538922
0.455743177
0.431219494
0.33963803
0.319346373
-0.008206303
0.282500519
-0.360486251
0.189717052
0.413630613
-0.450406206
0.363356993
0.301459457
0.24721297
0.486488432
0.49498369
-0.153448351
0.295363294
-0.017326938
0.400615777
0.492685464
0.199079043
0.288941914
-0.209548526
0.068875054
0.366581643
0.298891192
-0.199567881
-0.012801538
0.236241448
-0.254769378
0.238942761
-0.304986328
-0.492260098
-0.113617249
-0.056981871
0.465292373
-0.106853559
-0.179073513
-0.186106917
0.13849002
-0.403172953
-0.205562015
0.21208475
-0.130303004
-0.216458528
-0.041216454
-0.467515549
-0.497344751
0.097945086
-0.48987135
-0.002976269
0.02607805
0.077242376
-0.374190291
0.072802559
-0.237546273
-0.120407094
-0.093560396
-0.168508632
0.103621869
-0.350334738
-0.05694873
-0.124768002
-0.287245984
0.269376247
-0.234273979
-0.394796101
-0.211937749
0.333074647
0.072450404
0.181228595
-0.049282112
-0.411996837
0.066411177
0.419657068
0.298228303
0.136073039
0.143438005
0.277004047
-0.223659198
0.160753684
-0.462770501
0.065784395
-0.260910322
0.211015187
-0.482094177
0.480788423
-0.236715311
-0.149679525
-0.053023777
-0.249448358
-0.195103188
-0.394797654
0.001922202
-0.145365533
0.205162473
-0.082609851
-0.450545178
-0.047223431
0.256100006
0.411677227
-0.26326476
-0.155678201
-0.419933244
0.425737356
0.249750235
-0.11290656
0.467731045
0.38696014
0.175547679
-0.068043534
0.232809714
-0.27877191
0.374129395
0.498413456
-0.074970628
-0.407240616
-0.284582411
0.38693252
-0.240012964
-0.489671933
-0.073999957
0.306438197
0.488843565
-0.45965858
0.188445405
-0.493955507
-0.339861342
-0.317562033
-0.460242201
0.327083502
-0.412075244
-0.301723802
0.263499195
-0.19513894
-0.090470438
0.217612461
-0.013324817
-0.49910466
-0.150597808
-0.132948537
-0.343224294
0.239834297
0.130323562
0.416666234
-0.322260061
-0.468795752
0.049557905
0.288044244
-0.307090965
0.299834471
0.053870643
0.413084976
-0.233865103
0.096581553
0.000348511
0.15587638
-0.352001286
-0.419873624
0.043434435
0.052737967
-0.034325708
-0.079327236
0.018153494
0.02104618
-0.352600389
-0.169087006
0.368434735
-0.236700798
0.037876614
-0.111319058
0.242510705
0.026385551
-0.430590692
0.276392739
0.413440143
-0.015129724
0.480302996
-0.474515018
0.377236781
-0.144378484
0.281977734
-0.161328066
0.125903297
0.285484365
0.293615245
-0.151063745
-0.396874803
0.323177144
0.436356237
-0.004195245
-0.317841917
0.012282657
0.370989585
-0.387816848
0.254070875
-0.256535352
0.105344459
-0.2239741
-0.403407097
-0.359491619
-0.378107572
0.329900039
0.365389395
-0.255782959
-0.373040743
-0.315452208
0.173198403
-0.321548989
0.214207913
-0.08792417
-0.045269538
-0.250619118
-0.270250916
0.413840911
0.440432417
-0.445841047
0.460435764
-0.389267965
-0.092657011
0.255142674
-0.143894656
-0.032292434
-0.278088885
-0.452527026
0.104354928
-0.284002868
0.384249201
-0.431360762
0.276017687
0.122940177
-0.069078984
-0.301070954
0.49455182
0.2264331
0.360118275
-0.16740452
0.261313224
-0.358411373
0.061417268
-0.411472365
0.323499697
0.438914654
-0.035464432
-0.195740185
0.488705161
0.118306606
-0.382026225
0.307645626
-0.223316692
-0.136743393
-0.051317588
0.023953278
0.092482243
0.329098418
-0.397296438
-0.376673711
0.22341401
0.302667671
0.195145179
0.329796235
-0.213592091
-0.173495177
-0.489488145
-0.461842398
-0.289741109
-0.24303163
-0.48557522
0.438388825
0.452537479
-0.367329267
-0.013588129
-0.113105905
-0.34788033
-0.030908296
0.373880826
0.303140353
0.210096074
-0.219887604
0.332918203
0.174782894
-0.230404152
0.149587179
0.357012459
0.434187164
0.078654321
0.050362184
-0.313203905
0.414623557
-0.226482426
-0.081305267
0.197350189
0.207305507
-0.306206115
0.421196019
-0.024203391
-0.156734106
-0.345460194
0.012902018
0.115412404
-0.417262664
0.2526726
0.325399382
-0.305516605
-0.02871527
-0.444008788
-0.235719881
0.162307111
-0.169543563
0.164023323
-0.399024752
0.046165956
0.443813715
0.156339698
0.266482992
-0.1554218
-0.051189563
-0.036469978
0.275288659
-0.067773785
0.468927544
0.037602559
-0.150013214
-0.17456378
-0.06944925
-0.022990896
0.482636161
0.326272359
0.435151473
-0.221900515
-0.141707365
0.014831774
-0.178489985
-0.013110736
0.079932499
-0.420135067
0.445375066
-0.339294518
0.239411728
-0.487487338
-0.488219433
-0.330075307
-0.195800543
0.268347214
-0.185357688
-0.465790918
0.186998271
0.015949024
0.029964438
0.196321195
-0.303006216
0.270916444
0.240341396
-0.262657541
-0.350424459
0.229260415
0.145768574
0.409260422
-0.316118461
-0.282729971
-0.480413315
0.419200029
-0.215355608
-0.085523803
-0.161298151
-0.389539177
0.051928161
-0.126726528
-0.052591084
0.049279128
0.439397219
-0.224962795
-0.403369129
-0.385312559
-0.336446597
0.219634227
0.46832939
0.008081544
0.220193179
0.280587153
0.369177475
-0.289373765
0.159928233
0.013101138
-0.176959584
-0.300221298
-0.475117568
0.456829616
-0.162951854
0.242826616
0.208191889
-0.464516967
-0.023966198
0.417825818
-0.462402246
-0.32623883
0.432282031
-0.485891728
-0.134053796
0.260280043
-0.276075802
-0.463662383
0.300921004
-0.393883925
0.36036628
-0.292099631
0.02553239
-0.469813645
-0.100445192
0.202992123
-0.194492708
-0.460756901
-0.378737095
-0.19105744
0.138584678
-0.382837931
0.043183049
-0.28004264
0.124733429
-0.395709663
-0.317268377
0.471605318
0.31686588
0.1801711
-0.202676373
0.48662114
0.137229329
-0.324227288
-0.449132533
-0.042526198
0.089527923
0.015140459
-0.46872242
0.203909756
-0.041855877
-0.18246266
0.45576074
0.331576141
-0.109969434
-0.043111743
-0.073923776
0.207270744
0.23495606
0.271642217
0.233402294
0.157841904
-0.456404052
0.21482498
0.399464157
0.169653458
-0.4507642
0.295774651
0.16821862
-0.441334334
0.149527114
-0.291303411
0.247860003
-0.195817968
-0.365713648
-0.382371397
0.212236084
-0.358141276
-0.14362174
0.225069889
0.375276976
-0.106617333
0.175746057
-0.465364286
-0.343005852
-0.175064829
-0.39365969
0.318920141
-0.427632727
0.306813966
-0.321084292
-0.16249909
-0.047388114
-0.447031268
0.159598954
0.250402638
-0.168878184
-0.152111866
-0.292272935
-0.413942182
0.07545676
0.260424322
-0.281395561
0.443258908
-0.307059595
-0.027106492
0.244231723
0.026739028
-0.370293412
0.188768966
0.000862139
-0.448458063
-0.1316702
-0.39806746
0.429105273
-0.481049705
0.068162654
0.152621306
-0.286882582
-0.404413934
-0.30876853
0.070811574
-0.413491443
0.142002143
0.031096169
0.01864425
0.490863616
-0.46378108
-0.490145389
0.294508317
0.332370236
-0.044417163
-0.318794102
0.398448595
0.484652582
0.017100795
-0.038333267
-0.31923233
-0.055286824
0.158695762
-0.434055044
0.410306374
0.498417652
0.026220194
0.368980404
-0.062203341
0.101007776
-0.482178712
-0.222377979
0.402792713
-0.430228363
-0.202378686
-0.24405215
0.368538926
-0.397039515
-0.042239058
-0.112361832
0.260386131
0.349136078
0.418120822
-0.023452823
-0.04825799
0.138986823
-0.135833666
-0.065523667
0.2306486
0.382674636
0.197614013
0.20365318
-0.094161485
0.207786817
0.475969167
-0.198665307
0.096617652
-0.425410235
-0.407077592
-0.440523288
0.253192469
-0.168078668
0.045807276
0.220450962
0.477136105
-0.377597082
-0.034798555
-0.33557153
-0.274635316
-0.212840573
0.262966689
-0.293493124
-0.074201876
-0.457986204
0.122638427
0.335058
-0.159964534
0.016619588
-0.493280581
0.140802917
-0.209023389
0.223679953
-0.447723782
0.217438678
-0.405298225
0.37719942
-0.072358381
0.171954155
0.458383861
-0.413702868
-0.486586506
0.354378918
0.16237697
0.446366727
0.324161456
